317072	39736	317062	573785	598346	40248	1	PGEResidentialSmallBizCustomers	NULL	NULL
803815	55528	833974	78986	438873	680597	1	PGEResidentialSmallBizCustomers	NULL	NULL
10036	80115	602731	1298038	939134	1009576	0	NULL	NULL	NULL
913131	269998	722989	725505	871268	447681	1	PGEResidentialSmallBizCustomers	NULL	NULL
549451	328276	499938	1706891	380369	981290	0	NULL	NULL	NULL
581900	402089	454062	945809	698489	263702	1	PGEResidentialSmallBizCustomers	NULL	NULL
728130	440775	57429	131570	487484	49963	1	PGEResidentialSmallBizCustomers	NULL	NULL
386058	482062	511725	399457	601448	627557	1	PGEResidentialSmallBizCustomers	NULL	NULL
915914	483507	262699	105351	106626	308789	1	PGEResidentialSmallBizCustomers	NULL	NULL
464515	522956	738430	385335	593927	794733	1	PGEResidentialSmallBizCustomers	NULL	NULL
759838	624363	760743	1007220	653363	627911	1	PGEResidentialSmallBizCustomers	NULL	NULL
623820	630229	429273	1031433	192878	680659	1	PGEResidentialSmallBizCustomers	NULL	NULL
131946	666912	361715	925947	9783	914768	1	PGEResidentialSmallBizCustomers	NULL	NULL
884324	751203	759987	189206	327453	252335	1	PGEResidentialSmallBizCustomers	NULL	NULL
463195	985984	463310	52954	349732	83870	1	PGEResidentialSmallBizCustomers	NULL	NULL
426263	1021535	689890	214819	583392	895598	1	PGEResidentialSmallBizCustomers	NULL	NULL
134823	1070652	19692	915999	270360	893045	1	PGEResidentialSmallBizCustomers	NULL	NULL
767012	1272525	767008	7861	592831	459600	1	PGEResidentialSmallBizCustomers	NULL	NULL
767012	1272525	767008	1746315	592831	1022556	0	NULL	NULL	NULL
149374	1315313	646056	247235	353478	97341	1	PGEResidentialSmallBizCustomers	NULL	NULL
597128	1323423	123802	602572	487658	604553	1	PGEResidentialSmallBizCustomers	NULL	NULL
766410	1350226	756334	557567	307758	254301	1	PGEResidentialSmallBizCustomers	NULL	NULL
579907	1357680	706244	38752	216017	238059	1	PGEResidentialSmallBizCustomers	NULL	NULL
428066	1396816	324779	559613	441670	328120	1	PGEResidentialSmallBizCustomers	NULL	NULL
203543	1471997	231602	402582	700023	148321	1	PGEResidentialSmallBizCustomers	NULL	NULL
706772	1505928	817060	525505	165177	2244	1	PGEResidentialSmallBizCustomers	NULL	NULL
706772	1505928	817060	404134	165177	173469	1	PGEResidentialSmallBizCustomers	NULL	NULL
706772	1505928	817060	1043792	165177	712381	1	PGEResidentialSmallBizCustomers	NULL	NULL
706772	1505928	817060	1949853	165177	1074228	0	NULL	NULL	NULL
428191	1562785	406162	281268	206554	103446	1	PGEResidentialSmallBizCustomers	NULL	NULL
789617	1585940	769998	293272	171093	337131	1	PGEResidentialSmallBizCustomers	NULL	NULL
563731	1599349	563734	1378099	1316863	999281	0	NULL	NULL	NULL
729880	1602561	693763	623432	325289	225625	1	PGEResidentialSmallBizCustomers	NULL	NULL
617400	1623101	447810	2095641	261886	1087881	1	PGEResidentialSmallBizCustomers	NULL	NULL
14447	1630897	14482	567770	195827	399186	1	PGEResidentialSmallBizCustomers	NULL	NULL
932137	1644570	503288	1821897	1546427	912536	0	NULL	NULL	NULL
28733	1645381	312000	1739920	142702	1024368	0	NULL	NULL	NULL
166018	1661343	921108	724056	41942	167999	0	PGEResidentialSmallBizCustomers	NULL	NULL
917426	1667394	917855	796825	495817	17111	1	PGEResidentialSmallBizCustomers	NULL	NULL
204633	1721506	292988	175217	805637	82894	0	PGEResidentialSmallBizCustomers	NULL	NULL
226075	1722891	547006	392804	671608	24793	1	PGEResidentialSmallBizCustomers	NULL	NULL
417294	1742290	765904	574708	126722	396168	0	PGEResidentialSmallBizCustomers	NULL	NULL
632903	1746493	44275	207023	287599	179362	1	PGEResidentialSmallBizCustomers	NULL	NULL
872206	1770297	872245	249460	207942	824694	0	PGEResidentialSmallBizCustomers	NULL	NULL
872206	1770297	872245	1803266	207942	985372	0	NULL	NULL	NULL
615266	1780702	516974	535105	759881	820464	1	PGEResidentialSmallBizCustomers	NULL	NULL
28323	1785365	801365	615931	108238	768185	1	PGEResidentialSmallBizCustomers	NULL	NULL
736496	1789851	379830	12113	208439	260931	1	PGEResidentialSmallBizCustomers	NULL	NULL
45280	1798807	591061	1850174	882148	22006	0	NULL	NULL	NULL
45280	1798807	591061	78030	882148	79752	0	PGEResidentialSmallBizCustomers	NULL	NULL
113470	1801946	749025	303506	552806	497213	1	PGEResidentialSmallBizCustomers	NULL	NULL
424351	1835493	518322	943419	874518	165047	1	PGEResidentialSmallBizCustomers	NULL	NULL
852409	1840677	238445	166917	556486	888474	1	PGEResidentialSmallBizCustomers	NULL	NULL
661533	1842761	789660	885804	729056	613793	1	PGEResidentialSmallBizCustomers	NULL	NULL
586604	1866635	548412	943532	242247	88561	1	PGEResidentialSmallBizCustomers	NULL	NULL
64300	1894590	528494	943249	374821	796474	1	PGEResidentialSmallBizCustomers	NULL	NULL
633457	1925050	474678	174738	803139	790218	1	PGEResidentialSmallBizCustomers	NULL	NULL
160845	1926680	453423	25720	35297	609195	1	PGEResidentialSmallBizCustomers	NULL	NULL
202365	1934823	600801	1000431	239766	577154	1	PGEResidentialSmallBizCustomers	NULL	NULL
247698	1936484	316327	31434	74155	184888	1	PGEResidentialSmallBizCustomers	NULL	NULL
247698	1936484	316327	611739	74155	582687	1	PGEResidentialSmallBizCustomers	NULL	NULL
611549	1948501	823986	1827196	40561	1053742	0	NULL	NULL	NULL
34439	1951915	706230	106869	695963	321787	1	PGEResidentialSmallBizCustomers	NULL	NULL
202018	1963020	738717	1159602	1431034	1030080	0	NULL	NULL	NULL
765364	1964650	603974	79029	770639	812667	1	PGEResidentialSmallBizCustomers	NULL	NULL
880831	1973223	375616	2093147	1458806	1085926	1	PGEResidentialSmallBizCustomers	NULL	NULL
799770	1980256	763656	204033	780627	299708	1	PGEResidentialSmallBizCustomers	NULL	NULL
14351	1994241	14393	1373064	1515674	1012966	0	NULL	NULL	NULL
178025	2004542	323286	553015	212312	883877	1	PGEResidentialSmallBizCustomers	NULL	NULL
