302084	8374	300392	2090475	1637803	647483	0	NULL	NULL	NULL
302084	8374	300392	1040388	1637803	838271	1	PGEResidentialSmallBizCustomers	NULL	NULL
302084	8374	300392	2079135	1637803	1078670	1	PGEResidentialSmallBizCustomers	jmlq2ph9r3b4cbqrbvk7	NULL
118725	156838	178456	750789	446277	127021	1	PGEResidentialSmallBizCustomers	NULL	NULL
937202	260147	582299	358315	561997	46756	1	PGEResidentialSmallBizCustomers	NULL	NULL
673665	327695	644716	656437	844116	429628	1	PGEResidentialSmallBizCustomers	NULL	NULL
153811	329196	707885	820892	75104	581966	1	PGEResidentialSmallBizCustomers	NULL	NULL
153811	329196	707885	395340	75104	665194	1	PGEResidentialSmallBizCustomers	NULL	NULL
550211	401717	157190	479568	530327	517222	1	PGEResidentialSmallBizCustomers	NULL	NULL
461827	401717	157191	147243	477957	123835	1	PGEResidentialSmallBizCustomers	NULL	NULL
112408	522149	350888	509094	631597	863671	1	PGEResidentialSmallBizCustomers	NULL	NULL
594358	536032	821290	698664	805475	281293	0	PGEResidentialSmallBizCustomers	NULL	NULL
562813	597441	637798	914642	364364	76054	1	PGEResidentialSmallBizCustomers	NULL	NULL
563109	659303	499846	990177	288940	854979	1	PGEResidentialSmallBizCustomers	NULL	NULL
443582	659940	687231	911950	309853	53642	1	PGEResidentialSmallBizCustomers	NULL	NULL
443582	659940	687231	727983	309853	405859	1	PGEResidentialSmallBizCustomers	NULL	NULL
42369	758154	598974	807104	710386	23925	0	PGEResidentialSmallBizCustomers	NULL	NULL
42369	758154	598974	697990	710386	308241	1	PGEResidentialSmallBizCustomers	NULL	NULL
576577	884771	492221	249752	517610	19073	1	PGEResidentialSmallBizCustomers	NULL	NULL
717585	1077806	321035	1601566	1148000	989089	0	NULL	NULL	NULL
849716	1094298	582662	491085	232525	13996	1	PGEResidentialSmallBizCustomers	NULL	NULL
763900	1212523	701992	110091	419875	341314	1	PGEResidentialSmallBizCustomers	NULL	NULL
665156	1258332	706263	962168	867234	828979	1	PGEResidentialSmallBizCustomers	NULL	NULL
82472	1275930	620572	1763449	876605	1029186	0	NULL	NULL	NULL
809442	1307733	802291	890659	829441	612096	1	PGEResidentialSmallBizCustomers	NULL	NULL
809442	1307733	802291	104144	829441	688207	1	PGEResidentialSmallBizCustomers	NULL	NULL
366579	1368115	115048	47088	415262	501908	1	PGEResidentialSmallBizCustomers	NULL	NULL
603256	1368823	133883	405328	584571	132968	1	PGEResidentialSmallBizCustomers	NULL	NULL
85354	1382081	90437	1850233	884359	954545	0	NULL	NULL	NULL
154529	1405217	579451	677371	140274	352117	1	PGEResidentialSmallBizCustomers	NULL	NULL
930733	1416849	930703	1404527	1467551	276398	0	NULL	NULL	NULL
805955	1484143	141937	286545	852221	372805	1	PGEResidentialSmallBizCustomers	NULL	NULL
726603	1510849	553270	360007	792253	48328	1	PGEResidentialSmallBizCustomers	NULL	NULL
923340	1678756	616169	1740059	340528	244366	0	NULL	NULL	NULL
923340	1678756	616169	36700	340528	506702	1	PGEResidentialSmallBizCustomers	NULL	NULL
843519	1710643	690068	421435	185159	223368	1	PGEResidentialSmallBizCustomers	NULL	NULL
711112	1713863	783309	2081023	1639198	1080148	0	NULL	NULL	NULL
509672	1729952	706167	392185	235893	209704	1	PGEResidentialSmallBizCustomers	NULL	NULL
247469	1791571	244984	893400	272124	281339	1	PGEResidentialSmallBizCustomers	NULL	NULL
842824	1801241	347354	637308	199972	803795	1	PGEResidentialSmallBizCustomers	NULL	NULL
939275	1803298	863236	594744	205210	445924	1	PGEResidentialSmallBizCustomers	NULL	NULL
361025	1820263	340665	801352	354717	805784	1	PGEResidentialSmallBizCustomers	NULL	NULL
620639	1865569	620464	699932	623257	457169	1	PGEResidentialSmallBizCustomers	NULL	NULL
201102	1866127	403108	820411	293633	596764	1	PGEResidentialSmallBizCustomers	NULL	NULL
768321	1868706	711448	597664	694446	754976	1	PGEResidentialSmallBizCustomers	NULL	NULL
684775	1873749	487504	476140	156211	596796	1	PGEResidentialSmallBizCustomers	NULL	NULL
258586	1879976	459398	724758	277006	498825	1	PGEResidentialSmallBizCustomers	NULL	NULL
632884	1894813	283627	131543	724697	32040	1	PGEResidentialSmallBizCustomers	NULL	NULL
133660	1898758	461178	831966	366359	632948	1	PGEResidentialSmallBizCustomers	NULL	NULL
831982	1929864	508287	1830988	176577	1058030	0	NULL	NULL	NULL
927883	1935122	773126	1863758	1432670	1051150	0	NULL	NULL	NULL
471615	1955431	471622	860651	378322	535982	1	PGEResidentialSmallBizCustomers	NULL	NULL
202395	1967915	202373	335299	581460	190888	1	PGEResidentialSmallBizCustomers	NULL	NULL
930097	2009558	930137	639580	891571	421113	1	PGEResidentialSmallBizCustomers	NULL	NULL
939430	2016256	867791	656376	27451	136526	1	PGEResidentialSmallBizCustomers	NULL	NULL
912738	2025806	926397	2020147	1637487	1077636	0	NULL	NULL	NULL
542518	2024750	832357	1865765	1501784	695073	0	NULL	NULL	NULL
