181052	159659	465083	1349723	947005	1036828	0	NULL	NULL	NULL
292189	206344	258946	1360147	1019607	1015637	0	NULL	NULL	NULL
752786	218838	701644	382013	493771	330623	1	PGEResidentialSmallBizCustomers	NULL	NULL
752786	218838	701644	756764	493771	564531	1	PGEResidentialSmallBizCustomers	NULL	NULL
98510	458740	367583	1035477	752964	374318	1	PGEResidentialSmallBizCustomers	NULL	NULL
790609	459470	643060	551870	811786	218149	0	PGEResidentialSmallBizCustomers	NULL	NULL
790609	459470	643060	1975425	811786	1061443	0	NULL	NULL	NULL
293891	522710	178740	64436	622276	455159	1	PGEResidentialSmallBizCustomers	NULL	NULL
293891	522710	178740	868398	622276	638795	1	PGEResidentialSmallBizCustomers	NULL	NULL
592599	524276	344208	2083620	1640800	1082220	1	PGEResidentialSmallBizCustomers	NULL	NULL
244500	634886	312385	813763	538132	569623	1	PGEResidentialSmallBizCustomers	NULL	NULL
623922	679431	744405	763452	156999	180091	1	PGEResidentialSmallBizCustomers	NULL	NULL
416113	716148	832764	1684243	58212	958362	0	NULL	NULL	NULL
889990	718407	163129	656352	254545	753022	1	PGEResidentialSmallBizCustomers	NULL	NULL
265374	724384	223123	219497	474525	612851	1	PGEResidentialSmallBizCustomers	NULL	NULL
507678	746518	175465	657696	284981	138968	1	PGEResidentialSmallBizCustomers	NULL	NULL
188184	775197	188173	493580	723650	853675	1	PGEResidentialSmallBizCustomers	NULL	NULL
173497	779531	180287	898910	189415	351138	1	PGEResidentialSmallBizCustomers	NULL	NULL
175493	830440	175455	991018	424137	27786	1	PGEResidentialSmallBizCustomers	NULL	NULL
353481	849349	22174	663323	806646	472896	1	PGEResidentialSmallBizCustomers	NULL	NULL
673378	930860	357769	548480	804934	780740	1	PGEResidentialSmallBizCustomers	NULL	NULL
701876	1012842	672859	701578	621958	305703	1	PGEResidentialSmallBizCustomers	NULL	NULL
224404	1050806	715435	643075	578536	190118	1	PGEResidentialSmallBizCustomers	NULL	NULL
189800	1116236	289330	1592307	1215172	990054	0	NULL	NULL	NULL
919714	1119933	91641	682817	644457	448224	1	PGEResidentialSmallBizCustomers	NULL	NULL
882573	1175195	116494	1857731	1225617	950120	0	NULL	NULL	NULL
598259	1188344	232736	1523978	1265110	985374	0	NULL	NULL	NULL
33066	1208854	637518	555836	423699	611161	1	PGEResidentialSmallBizCustomers	NULL	NULL
277577	1215879	496546	1413439	1248881	1049417	0	NULL	NULL	NULL
728528	1258036	821487	741326	490863	725408	1	PGEResidentialSmallBizCustomers	NULL	NULL
367436	1260529	827612	994214	164317	345861	1	PGEResidentialSmallBizCustomers	NULL	NULL
934197	1280544	213004	47555	405780	360742	1	PGEResidentialSmallBizCustomers	NULL	NULL
897604	1292185	168908	84366	609146	636553	1	PGEResidentialSmallBizCustomers	NULL	NULL
367583	1303186	555992	77988	14561	331330	1	PGEResidentialSmallBizCustomers	NULL	NULL
401044	1310036	405426	907304	118703	284523	1	PGEResidentialSmallBizCustomers	NULL	NULL
329851	1363588	329850	1369306	1315500	849562	0	NULL	NULL	NULL
424371	1441097	166853	510061	807845	587930	1	PGEResidentialSmallBizCustomers	NULL	NULL
255417	1461275	356704	959853	457814	919626	1	PGEResidentialSmallBizCustomers	NULL	NULL
664968	1468383	406277	875643	674818	279237	1	PGEResidentialSmallBizCustomers	NULL	NULL
197294	1469041	519397	668073	179821	813028	1	PGEResidentialSmallBizCustomers	NULL	NULL
508394	1514447	881624	1863424	1422310	691498	0	NULL	NULL	NULL
310983	1515290	143730	733856	37290	602867	1	PGEResidentialSmallBizCustomers	NULL	NULL
609738	1570723	127974	950346	404695	88734	1	PGEResidentialSmallBizCustomers	NULL	NULL
560348	1593534	316531	79200	784283	411431	1	PGEResidentialSmallBizCustomers	NULL	NULL
560348	1593534	316531	683636	784283	443671	1	PGEResidentialSmallBizCustomers	NULL	NULL
560348	1593534	316531	289408	784283	731955	1	PGEResidentialSmallBizCustomers	NULL	NULL
680075	1607311	591291	229161	851901	690224	0	PGEResidentialSmallBizCustomers	NULL	NULL
640160	1618857	897655	174816	11006	139387	1	PGEResidentialSmallBizCustomers	NULL	NULL
223307	1618295	502254	1017339	502210	192064	1	PGEResidentialSmallBizCustomers	NULL	NULL
223307	1618295	502254	1963186	502210	1073176	0	NULL	NULL	NULL
342751	1625314	699650	19160	204299	230506	1	PGEResidentialSmallBizCustomers	NULL	NULL
275940	1667499	650903	287253	395725	468541	1	PGEResidentialSmallBizCustomers	NULL	NULL
275940	1667499	650903	317788	395725	900039	1	PGEResidentialSmallBizCustomers	NULL	NULL
693677	1736790	444228	271871	759764	437941	1	PGEResidentialSmallBizCustomers	NULL	NULL
149865	1757395	629573	1294106	1378164	932386	0	NULL	NULL	NULL
218140	1777484	160945	1021893	884184	839373	1	PGEResidentialSmallBizCustomers	NULL	NULL
275399	1783322	149865	975355	858727	691258	1	PGEResidentialSmallBizCustomers	NULL	NULL
736649	1789462	831689	1026166	855935	445222	1	PGEResidentialSmallBizCustomers	NULL	NULL
331460	1803477	522212	15920	868773	780829	1	PGEResidentialSmallBizCustomers	NULL	NULL
720397	1825579	289465	770595	611210	144988	1	PGEResidentialSmallBizCustomers	NULL	NULL
698896	1848432	831331	415620	27317	536355	1	PGEResidentialSmallBizCustomers	NULL	NULL
231444	1853563	431901	552193	695246	448155	1	PGEResidentialSmallBizCustomers	NULL	NULL
274810	1870632	605482	1861595	1367306	1052236	0	NULL	NULL	NULL
934385	1871204	433153	458543	668157	77602	1	PGEResidentialSmallBizCustomers	NULL	NULL
157818	1900470	66568	289284	88794	92756	1	PGEResidentialSmallBizCustomers	NULL	NULL
36873	1909577	360846	638008	5595	83090	1	PGEResidentialSmallBizCustomers	NULL	NULL
36873	1909577	360846	580712	5595	284190	1	PGEResidentialSmallBizCustomers	NULL	NULL
599991	1915139	246424	613380	176	371602	1	PGEResidentialSmallBizCustomers	NULL	NULL
801640	1947748	819546	113852	729773	800814	1	PGEResidentialSmallBizCustomers	NULL	NULL
801640	1947748	819546	1691526	729773	965956	0	NULL	NULL	NULL
738730	1961170	925294	440182	834432	578252	1	PGEResidentialSmallBizCustomers	NULL	NULL
469352	1967712	56229	330168	486790	89277	1	PGEResidentialSmallBizCustomers	NULL	NULL
662629	1970187	695748	1033780	314058	4752	1	PGEResidentialSmallBizCustomers	NULL	NULL
391173	1983248	625304	1032510	502973	180795	1	PGEResidentialSmallBizCustomers	NULL	NULL
820050	1989226	428650	1079976	1420120	999836	0	NULL	NULL	NULL
777651	2003965	371917	453274	676734	301933	1	PGEResidentialSmallBizCustomers	NULL	NULL
270229	2005765	48296	695469	432304	825134	1	PGEResidentialSmallBizCustomers	NULL	NULL
18890	2021827	610364	809802	349565	152599	1	PGEResidentialSmallBizCustomers	NULL	NULL
