264184	904067	489567	1684438	720530	49645	0	NULL	NULL	NULL
264184	904067	489567	523983	720530	736257	1	PGEResidentialSmallBizCustomers	NULL	NULL
139225	989003	378208	524840	365903	646069	1	PGEResidentialSmallBizCustomers	NULL	NULL
160815	1252745	237993	470907	331336	196667	1	PGEResidentialSmallBizCustomers	NULL	NULL
935950	1385790	753717	161971	59532	831237	1	PGEResidentialSmallBizCustomers	NULL	NULL
32244	1405454	603516	271921	105409	372918	0	PGEResidentialSmallBizCustomers	NULL	NULL
327849	1592738	188187	899973	163380	297451	1	PGEResidentialSmallBizCustomers	NULL	NULL
381016	1683805	501493	732164	381833	69362	1	PGEResidentialSmallBizCustomers	NULL	NULL
381016	1683805	501493	1765466	381833	952395	0	NULL	NULL	NULL
901536	1729250	793395	61686	192009	136729	1	PGEResidentialSmallBizCustomers	NULL	NULL
87232	1737082	699564	554229	268041	888640	1	PGEResidentialSmallBizCustomers	NULL	NULL
811896	1866401	854329	968967	190328	176434	1	PGEResidentialSmallBizCustomers	NULL	NULL
454752	1877177	293109	1316858	1381771	975170	0	NULL	NULL	NULL
846250	1930061	846316	1863421	1422082	1050525	0	NULL	NULL	NULL
881025	1965057	253871	173262	537443	26356	1	PGEResidentialSmallBizCustomers	NULL	NULL
327913	1999651	386191	733368	124958	574340	1	PGEResidentialSmallBizCustomers	NULL	NULL
298199	4794	717990	1537307	972926	983839	0	NULL	NULL	NULL
858148	342832	725135	541629	359841	396616	1	PGEResidentialSmallBizCustomers	NULL	NULL
609613	356869	27405	628276	815184	51961	1	PGEResidentialSmallBizCustomers	NULL	NULL
890148	380545	845376	573200	275667	851818	0	PGEResidentialSmallBizCustomers	NULL	NULL
890148	380545	845376	1695051	275667	932758	0	NULL	NULL	NULL
208573	454760	549446	1898418	1556782	209028	0	NULL	NULL	NULL
208573	454760	549446	1897648	1556782	865294	0	NULL	NULL	NULL
40221	788028	40040	725433	223532	138792	1	PGEResidentialSmallBizCustomers	NULL	NULL
939978	873111	623824	1823930	1543084	1043798	0	NULL	NULL	NULL
142319	1032349	436130	659646	355961	210422	1	PGEResidentialSmallBizCustomers	NULL	NULL
803020	1042073	275859	951060	606939	21627	0	PGEResidentialSmallBizCustomers	NULL	NULL
803020	1042073	275859	386789	606939	390055	1	PGEResidentialSmallBizCustomers	NULL	NULL
699532	1132085	33278	699857	764831	159191	1	PGEResidentialSmallBizCustomers	NULL	NULL
699532	1132085	33278	568751	764831	373943	1	PGEResidentialSmallBizCustomers	NULL	NULL
699532	1132085	33278	35676	764831	831477	1	PGEResidentialSmallBizCustomers	NULL	NULL
699532	1132085	33278	1711562	764831	1018228	0	NULL	NULL	NULL
662527	1253904	278739	560707	279858	332371	1	PGEResidentialSmallBizCustomers	NULL	NULL
161966	1407536	215071	192336	761059	692538	1	PGEResidentialSmallBizCustomers	NULL	NULL
469907	1417310	286125	1740545	310647	174206	0	NULL	NULL	NULL
469907	1417310	286125	586138	310647	358847	1	PGEResidentialSmallBizCustomers	NULL	NULL
469907	1417310	286125	1834668	310647	1052092	0	NULL	NULL	NULL
179967	1571767	188223	1369356	1315505	976376	0	NULL	NULL	NULL
935367	1626466	439178	101338	49027	514404	1	PGEResidentialSmallBizCustomers	NULL	NULL
339212	1683518	336236	898388	820521	281758	1	PGEResidentialSmallBizCustomers	NULL	NULL
240612	1689146	515215	1415198	1396148	965170	0	NULL	NULL	NULL
240612	1689146	515215	2104348	1396148	1094819	0	NULL	NULL	NULL
936010	1722844	26882	972302	73727	128687	1	PGEResidentialSmallBizCustomers	NULL	NULL
618899	1807152	617855	42794	543708	427328	1	PGEResidentialSmallBizCustomers	NULL	NULL
513584	1838371	32671	59280	894536	194221	1	PGEResidentialSmallBizCustomers	NULL	NULL
915732	1867141	855147	998648	511681	351285	1	PGEResidentialSmallBizCustomers	NULL	NULL
915732	1867141	855147	1778603	511681	1014769	0	NULL	NULL	NULL
891855	1875860	834774	941099	571152	58891	1	PGEResidentialSmallBizCustomers	NULL	NULL
884492	1912795	13680	1679091	1486942	948659	0	NULL	NULL	NULL
653914	1920141	455124	2095943	1649140	1088130	0	NULL	NULL	NULL
625189	1928246	619443	163476	699754	314177	1	PGEResidentialSmallBizCustomers	NULL	NULL
939403	1931761	834629	1008865	116303	66768	1	PGEResidentialSmallBizCustomers	NULL	NULL
328400	1947643	293124	773099	127616	518903	1	PGEResidentialSmallBizCustomers	NULL	NULL
938037	1960181	921437	499955	206390	156857	1	PGEResidentialSmallBizCustomers	NULL	NULL
673724	1970729	641899	556300	487355	335109	1	PGEResidentialSmallBizCustomers	NULL	NULL
93939	2010436	572673	868	186478	96711	1	PGEResidentialSmallBizCustomers	NULL	NULL
278117	2023776	278124	1368990	1515374	1022797	0	NULL	NULL	NULL
45213	176778	714415	710218	526256	745742	0	PGEResidentialSmallBizCustomers	NULL	NULL
331022	328103	850246	875064	616224	327570	1	PGEResidentialSmallBizCustomers	NULL	NULL
331022	328103	850246	1842960	616224	1059790	0	NULL	NULL	NULL
717372	361626	653914	765269	668549	301324	1	PGEResidentialSmallBizCustomers	NULL	NULL
