278821	14859	278824	1843059	620019	1005668	0	NULL	NULL	NULL
635088	208710	355944	980077	177587	724241	1	PGEResidentialSmallBizCustomers	NULL	NULL
364321	225818	270576	609930	522427	904601	1	PGEResidentialSmallBizCustomers	NULL	NULL
814840	339096	440578	561546	278400	20037	1	PGEResidentialSmallBizCustomers	NULL	NULL
814840	339096	440578	41061	278400	538553	1	PGEResidentialSmallBizCustomers	NULL	NULL
338969	472710	581793	812093	363163	441374	1	PGEResidentialSmallBizCustomers	NULL	NULL
200461	507033	141418	597041	267515	881958	1	PGEResidentialSmallBizCustomers	NULL	NULL
789017	806137	99896	238345	637287	647669	1	PGEResidentialSmallBizCustomers	NULL	NULL
517845	840058	207480	997086	790606	434685	1	PGEResidentialSmallBizCustomers	NULL	NULL
658708	917721	789017	636453	39628	524977	1	PGEResidentialSmallBizCustomers	NULL	NULL
327702	1119219	688692	559148	887564	107726	1	PGEResidentialSmallBizCustomers	NULL	NULL
803108	1140043	757861	225236	5596	769212	1	PGEResidentialSmallBizCustomers	NULL	NULL
660340	1215824	796495	407413	119605	239294	1	PGEResidentialSmallBizCustomers	NULL	NULL
660340	1215824	796495	521452	119605	263577	1	PGEResidentialSmallBizCustomers	NULL	NULL
850014	1405425	573648	242195	691070	9349	1	PGEResidentialSmallBizCustomers	NULL	NULL
311407	1425839	311397	90857	272993	101058	1	PGEResidentialSmallBizCustomers	NULL	NULL
311407	1425839	311397	1704629	272993	1040285	0	NULL	NULL	NULL
683075	1472112	515856	576146	589693	803458	1	PGEResidentialSmallBizCustomers	NULL	NULL
683075	1472112	515856	1842294	589693	999989	0	NULL	NULL	NULL
887533	1488979	368585	201804	115376	30973	1	PGEResidentialSmallBizCustomers	NULL	NULL
887533	1488979	368585	885682	115376	653445	1	PGEResidentialSmallBizCustomers	NULL	NULL
155470	1494053	179568	1476630	1477363	947203	0	NULL	NULL	NULL
197763	1497530	33403	565374	385684	893602	1	PGEResidentialSmallBizCustomers	NULL	NULL
938850	1567507	853478	716841	738437	71082	1	PGEResidentialSmallBizCustomers	NULL	NULL
477884	1583292	254436	1019584	349039	774574	1	PGEResidentialSmallBizCustomers	NULL	NULL
633901	1653233	249047	275729	719158	54911	1	PGEResidentialSmallBizCustomers	NULL	NULL
325329	1658134	676971	2095868	1471238	1088069	1	PGEResidentialSmallBizCustomers	NULL	NULL
155005	1659387	311365	596556	481287	367907	0	PGEResidentialSmallBizCustomers	NULL	NULL
803800	1673515	860027	1045283	778612	262183	1	PGEResidentialSmallBizCustomers	NULL	NULL
19912	1699218	865346	780237	186023	384451	1	PGEResidentialSmallBizCustomers	NULL	NULL
401703	1712967	316364	164027	180821	46296	1	PGEResidentialSmallBizCustomers	NULL	NULL
401703	1712967	316364	603277	180821	200824	1	PGEResidentialSmallBizCustomers	NULL	NULL
401703	1712967	316364	304464	180821	241721	1	PGEResidentialSmallBizCustomers	NULL	NULL
401703	1712967	316364	285701	180821	827721	1	PGEResidentialSmallBizCustomers	NULL	NULL
401703	1712967	316364	881261	180821	836290	1	PGEResidentialSmallBizCustomers	NULL	NULL
35437	1760910	46184	2080915	1639112	1080058	0	NULL	NULL	NULL
545488	1822209	384897	1802090	171501	985375	0	NULL	NULL	NULL
727255	1890932	587221	573114	33887	112078	1	PGEResidentialSmallBizCustomers	NULL	NULL
727255	1890932	587221	512942	33887	200257	1	PGEResidentialSmallBizCustomers	NULL	NULL
597098	1904712	123724	241624	359466	716190	1	PGEResidentialSmallBizCustomers	NULL	NULL
317691	1914198	317690	1016829	392842	755265	1	PGEResidentialSmallBizCustomers	NULL	NULL
851575	1928076	925603	903127	481925	709517	1	PGEResidentialSmallBizCustomers	NULL	NULL
298033	1930138	331918	327540	204943	422408	1	PGEResidentialSmallBizCustomers	NULL	NULL
840161	1984455	703422	913708	152602	828541	1	PGEResidentialSmallBizCustomers	NULL	NULL
754716	1995995	767108	232240	618563	322103	1	PGEResidentialSmallBizCustomers	NULL	NULL
113504	2001280	648946	431922	124965	638719	1	PGEResidentialSmallBizCustomers	NULL	NULL
113504	2001280	648946	1749762	124965	995725	0	NULL	NULL	NULL
