173547	26791	892125	1830505	157895	1051537	0	NULL	NULL	NULL
103909	222600	160823	1962648	488166	147888	0	NULL	NULL	NULL
704791	439218	762804	274791	888653	604443	1	PGEResidentialSmallBizCustomers	NULL	NULL
579080	543865	723406	991130	821452	408870	1	PGEResidentialSmallBizCustomers	NULL	NULL
601438	1105223	597044	25989	661372	35018	1	PGEResidentialSmallBizCustomers	NULL	NULL
601438	1105223	597044	1018881	661372	116765	1	PGEResidentialSmallBizCustomers	NULL	NULL
594678	1146556	846207	908326	84384	536340	1	PGEResidentialSmallBizCustomers	NULL	NULL
172193	1170427	143461	52797	376194	468003	1	PGEResidentialSmallBizCustomers	NULL	NULL
346694	1181376	520173	35883	788788	781468	1	PGEResidentialSmallBizCustomers	NULL	NULL
346694	1181376	520173	325057	788788	859257	1	PGEResidentialSmallBizCustomers	NULL	NULL
395793	1183155	249525	413019	850304	471716	1	PGEResidentialSmallBizCustomers	NULL	NULL
545672	1241085	544607	65233	504033	222936	1	PGEResidentialSmallBizCustomers	NULL	NULL
545672	1241085	544607	816093	504033	232748	1	PGEResidentialSmallBizCustomers	NULL	NULL
545672	1241085	544607	821061	504033	624739	1	PGEResidentialSmallBizCustomers	NULL	NULL
641114	1247896	369286	650280	591078	665127	1	PGEResidentialSmallBizCustomers	NULL	NULL
605375	1410870	546511	82239	52554	17019	1	PGEResidentialSmallBizCustomers	NULL	NULL
331394	1417892	700896	912242	870844	609996	1	PGEResidentialSmallBizCustomers	NULL	NULL
612437	1470994	848762	582063	309584	792847	0	PGEResidentialSmallBizCustomers	NULL	NULL
863772	1512805	143458	348399	420348	851994	1	PGEResidentialSmallBizCustomers	NULL	NULL
289685	1599024	143445	526719	273287	216780	1	PGEResidentialSmallBizCustomers	NULL	NULL
289685	1599024	143445	92419	273287	491769	1	PGEResidentialSmallBizCustomers	NULL	NULL
647525	1625175	584502	928052	454868	124512	1	PGEResidentialSmallBizCustomers	NULL	NULL
449738	1634999	418943	190313	893042	655105	1	PGEResidentialSmallBizCustomers	NULL	NULL
546448	1700802	546345	159029	536328	29186	1	PGEResidentialSmallBizCustomers	NULL	NULL
560096	1732956	471903	963472	802104	102615	0	PGEResidentialSmallBizCustomers	NULL	NULL
662682	1751212	844080	371819	344942	489499	1	PGEResidentialSmallBizCustomers	NULL	NULL
936783	1820967	553010	1844652	678964	1056887	0	NULL	NULL	NULL
252717	1840962	793497	114865	406353	916585	1	PGEResidentialSmallBizCustomers	NULL	NULL
754686	1876383	831676	52394	604514	173691	1	PGEResidentialSmallBizCustomers	NULL	NULL
754686	1876383	831676	36876	604514	280909	1	PGEResidentialSmallBizCustomers	NULL	NULL
549443	1877944	668674	1842675	604975	1059385	0	NULL	NULL	NULL
148344	1903102	477932	283998	289063	126114	1	PGEResidentialSmallBizCustomers	NULL	NULL
188458	1938603	722869	1864244	1449377	1049697	0	NULL	NULL	NULL
351916	1946862	563263	637423	179478	754075	1	PGEResidentialSmallBizCustomers	NULL	NULL
546447	1953639	48585	1827086	36244	1051823	0	NULL	NULL	NULL
595097	1960303	850665	543610	602024	205289	1	PGEResidentialSmallBizCustomers	NULL	NULL
